identity 5 800 0.8849359774090969
logistic 5 800 0.8849359774090969
tanh 5 800 0.8849359774090969
relu 5 800 0.8849359774090969
identity 6 800 0.8849359774090969
logistic 6 800 0.8849359774090969
tanh 6 800 0.8849359774090969
relu 6 800 0.8849359774090969
identity 7 800 0.8849359774090969
logistic 7 800 0.8849359774090969
tanh 7 800 0.8849359774090969
relu 7 800 0.8849359774090969
identity 8 800 0.8849359774090969
logistic 8 800 0.8849359774090969
tanh 8 800 0.8849359774090969
relu 8 800 0.8849359774090969
identity 9 800 0.8849359774090969
logistic 9 800 0.8849359774090969
tanh 9 800 0.8849359774090969
relu 9 800 0.8849359774090969
identity 10 800 0.8849359774090969
logistic 10 800 0.8849359774090969
tanh 10 800 0.8849359774090969
relu 10 800 0.8849359774090969
identity 5 900 0.8849359774090969
logistic 5 900 0.8849359774090969
tanh 5 900 0.8849359774090969
relu 5 900 0.8849359774090969
identity 6 900 0.8849359774090969
logistic 6 900 0.8849359774090969
tanh 6 900 0.8849359774090969
relu 6 900 0.8849359774090969
identity 7 900 0.8849359774090969
logistic 7 900 0.8849359774090969
tanh 7 900 0.8849359774090969
relu 7 900 0.8849359774090969
identity 8 900 0.8849359774090969
logistic 8 900 0.8849359774090969
tanh 8 900 0.8849359774090969
relu 8 900 0.8849359774090969
identity 9 900 0.8849359774090969
logistic 9 900 0.8849359774090969
tanh 9 900 0.8849359774090969
relu 9 900 0.8849359774090969
identity 10 900 0.8849359774090969
logistic 10 900 0.8849359774090969
tanh 10 900 0.8849359774090969
relu 10 900 0.8849359774090969
identity 5 1000 0.8849359774090969
logistic 5 1000 0.8849359774090969
tanh 5 1000 0.8849359774090969
relu 5 1000 0.8849359774090969
identity 6 1000 0.8849359774090969
logistic 6 1000 0.8849359774090969
tanh 6 1000 0.8849359774090969
relu 6 1000 0.8849359774090969
identity 7 1000 0.8849359774090969
logistic 7 1000 0.8849359774090969
tanh 7 1000 0.8849359774090969
relu 7 1000 0.8849359774090969
identity 8 1000 0.8849359774090969
logistic 8 1000 0.8849359774090969
tanh 8 1000 0.8849359774090969
relu 8 1000 0.8849359774090969
identity 9 1000 0.8849359774090969
logistic 9 1000 0.8849359774090969
tanh 9 1000 0.8849359774090969
relu 9 1000 0.8849359774090969
identity 10 1000 0.8849359774090969
logistic 10 1000 0.8849359774090969
tanh 10 1000 0.8849359774090969
relu 10 1000 0.8849359774090969
identity 5 1100 0.8849359774090969
logistic 5 1100 0.8849359774090969
tanh 5 1100 0.8849359774090969
relu 5 1100 0.8849359774090969
identity 6 1100 0.8849359774090969
logistic 6 1100 0.8849359774090969
tanh 6 1100 0.8849359774090969
relu 6 1100 0.8849359774090969
identity 7 1100 0.8849359774090969
logistic 7 1100 0.8849359774090969
tanh 7 1100 0.8849359774090969
relu 7 1100 0.8849359774090969
identity 8 1100 0.8849359774090969
logistic 8 1100 0.8849359774090969
tanh 8 1100 0.8849359774090969
relu 8 1100 0.8849359774090969
identity 9 1100 0.8849359774090969
logistic 9 1100 0.8849359774090969
tanh 9 1100 0.8849359774090969
relu 9 1100 0.8849359774090969
identity 10 1100 0.8849359774090969
logistic 10 1100 0.8849359774090969
tanh 10 1100 0.8849359774090969
relu 10 1100 0.8849359774090969
identity 5 1200 0.8849359774090969
logistic 5 1200 0.8849359774090969
tanh 5 1200 0.8849359774090969
relu 5 1200 0.8849359774090969
identity 6 1200 0.8849359774090969
logistic 6 1200 0.8849359774090969
tanh 6 1200 0.8849359774090969
relu 6 1200 0.8849359774090969
identity 7 1200 0.8849359774090969
logistic 7 1200 0.8849359774090969
tanh 7 1200 0.8849359774090969
relu 7 1200 0.8849359774090969
identity 8 1200 0.8849359774090969
logistic 8 1200 0.8849359774090969
tanh 8 1200 0.8849359774090969
relu 8 1200 0.8849359774090969
identity 9 1200 0.8849359774090969
logistic 9 1200 0.8849359774090969
tanh 9 1200 0.8849359774090969
relu 9 1200 0.8849359774090969
identity 10 1200 0.8849359774090969
logistic 10 1200 0.8849359774090969
tanh 10 1200 0.8849359774090969
relu 10 1200 0.8849359774090969
identity 5 800 0.8849359774090969

[[359  11   4   3   0   0   0]
 [ 13 223  15   0   0   0   0]
 [ 19  33 868  21   0   0   0]
 [  2   0  10 337  27   0   0]
 [  2   0   4  31 325   7   4]
 [  1   0   0   2   9 136  93]
 [  5   0   1   0   1  10 290]]
             precision    recall  f1-score   support

          1       0.90      0.95      0.92       377
          2       0.84      0.89      0.86       251
          3       0.96      0.92      0.94       941
          4       0.86      0.90      0.88       376
          5       0.90      0.87      0.88       373
          6       0.89      0.56      0.69       241
          7       0.75      0.94      0.84       307

avg / total       0.89      0.89      0.88      2866